257 409
118 78 59 51 85 114 33 230 241 224 67 217 71 117 219 78 85 202 70 90 170 11 163 10 141 175 93 125 254 48 252 96 143 99 219 174 170 150 10 238 26 190 11 228 101 98 148 252 224 37 62 81 2 187 40 162 245 42 77 5 170 58 230 213 190 219 98 105 90 72 103 81 40 9 61 145 225 64 64 108 69 118 192 131 38 141 182 173 79 200 238 70 224 160 237 109 5 118 58 235 149 184 103 54 111 138 74 90 34 157 251 18 241 62 255 18 110 50 10 177 220 137 249 208 174 231 53 123 55 120 99 241 231 9 86 120 21 122 53 229 233 255 244 24 36 121 200 92 144 75 255 229 177 232 192 103 130 146 256 1 2 154 117 112 44 95 155 169 37 144 162 22 74 225 118 98 250 155 127 237 153 115 129 55 192 212 45 9 28 25 161 196 238 6 162 147 161 207 175 22 117 253 198 10 181 186 228 134 96 144 32 141 237 60 157 81 207 184 201 244 152 239 137 50 84 107 176 196 212 101 38 199 189 97 110 18 239 244 181 218 34 186 70 67 69 48 109 147 125 117 169 145 104 119 59 126 108 228 3 156 171 41 176 114 130 223 2 190 22 245 127 102 228 246 22 67 187 215 46 21 68 102 129 136 86 22 85 138 65 8 150 243 104 27 12 143 43 9 131 203 164 24 232 239 25 152 92 0 185 164 47 169 112 94 158 186 134 37 143 251 189 234 246 211 167 48 25 72 246 241 131 55 101 183 181 235 24 107 113 37 2 11 214 211 44 164 225 60 112 245 181 31 154 15 76 130 85 90 204 133 243 20 55 52 126 23 191 142 8 180 74 144 182 124 164 215 118 252 198 96 234 203 173 12 109 120 90 128 187 124 43 223 12 123 98 48 113 131 246 196 237 44 117 93 71 87 47 171 33 
ans : 48913

======================
    
491 308
289 418 255 247 213 161 426 220 29 484 380 261 351 90 330 92 385 377 169 408 25 439 74 101 38 131 213 393 203 401 117 235 149 157 371 114 315 308 468 220 21 404 424 59 84 253 285 424 97 319 295 255 448 6 198 410 100 295 136 1 0 29 59 157 480 76 378 87 63 329 211 412 479 430 465 195 379 411 243 294 200 301 205 52 460 34 285 231 171 78 105 405 418 72 182 469 85 444 189 163 283 335 221 396 461 63 160 247 455 169 430 226 34 64 14 69 459 332 148 247 486 371 127 31 306 74 8 171 416 275 122 194 263 126 147 463 199 10 263 240 461 290 56 156 209 163 49 428 97 95 356 164 190 322 225 109 28 248 108 134 62 92 414 280 118 67 294 418 310 220 67 349 288 238 364 415 48 490 360 322 447 367 159 176 90 188 245 448 479 193 33 151 63 44 137 476 201 109 340 65 22 175 456 16 361 142 2 60 241 182 418 275 257 205 255 387 395 351 42 416 136 77 385 118 366 21 52 300 19 280 423 100 30 177 67 11 160 308 145 415 484 170 7 371 382 116 122 315 124 438 180 417 466 49 255 227 24 230 341 302 201 293 154 334 431 354 402 175 384 135 459 444 270 38 107 254 143 96 490 67 450 394 251 23 222 331 275 182 48 23 26 7 39 327 488 289 328 76 327 204 398 376 279 491 359 86 138 111 
ans : 76096    
  
===========================

141 67
85 24 115 101 50 27 98 64 91 124 76 66 15 114 124 1 133 108 107 42 79 98 46 112 39 48 128 6 35 7 112 88 50 45 36 90 2 128 115 66 127 78 93 102 23 115 102 39 95 59 6 12 131 10 33 74 14 61 135 101 46 82 78 138 20 44 0 
ans : 3617

========================

4 8
3 1 2 3 4 1 1 2

5

=====================

3 5
0 0 0 2 0

0

=====================

4 4
3 0 1 4

5

=============

