00100001
11111101
10000000
00000000
1
3 1

정답:3

============

11111110
00000000
11111111
11111111
1
2 -1

answer: 12
output: 13

===============

10010011
01010011
11100011
01010101
8
1 1
2 1
3 1
4 1
1 -1
2 -1
3 -1
4 -1

5

==============

10101111
01111101
11001110
00000010
2
3 -1
1 1

7

===============

11111111
11111111
11111111
11111111
3
1 1
2 1
3 1

15

================

10001011
10000011
01011011
00111101
5
1 1
2 1
3 1
4 1
1 -1

6

===============

11001110
10000101
01111110
01101111
4
2 -1
2 -1
2 1
2 1

정답:10

================

